version https://git-lfs.github.com/spec/v1
oid sha256:19262b93aa0d6f2e026dfdb68c9302f0bc3f41a1576f1ea937807f66cd58ff57
size 695973
