version https://git-lfs.github.com/spec/v1
oid sha256:563c2cd1866990d817f9fff320f61985782ada5fa7a7f9ee6ff0ee37e6a8d464
size 996263
